1 76.8250301992278
2 79.6595234607796
3 83.8283740725366
4 97.1679890476337
5 96.195164439939
6 77.2406857720815
7 82.0072563750662
8 82.1561434235469
9 89.2885165982838
10 78.7598970000312
11 89.5622221694284
12 85.464226760376
13 78.5954817414599
14 67.5495368371225
15 76.8806176136096
16 77.2788955747054
17 81.498029967252
18 87.1481867079872
19 81.6673199921335
20 79.3000108480606
21 78.8233839820927
22 86.0781496318201
23 82.5159268733011
24 80.6896106089791
25 80.7663505327773
26 77.5680940781967
27 89.8550183095327
28 82.5858831718663
29 82.7349077001411
30 79.5053087160148
31 81.5264326970707
32 78.5933933579275
33 94.4371084276782
34 73.1880275823404
35 84.4016834939059
36 86.0931619981563
37 84.287290749657
38 84.336517875578
39 83.1152174268375
40 84.1952597647905
41 83.115470966197
42 83.1215820027483
43 87.6255833069307
44 84.0400833171166
45 76.4882014137413
46 86.799197662847
47 82.3910127880213
48 80.0929867465903
49 82.5205058937882
50 82.0171027222983
51 81.6278824805302
52 78.0212729033997
53 85.3189557331966
54 79.4520535336445
55 73.6776488750481
56 84.4881741624468
57 86.7119765892148
58 92.1172511948503
59 84.9444512662645
60 84.1013766138919
61 86.5812350349826
62 80.4421395292017
63 86.8145628329563
64 90.6978253746782
65 90.6264685685783
66 89.5323177218059
67 88.9081762561744
68 84.3703031389619
69 79.8835159945957
70 86.309091624146
71 92.9767062013088
72 80.389797231007
73 84.0689814738215
74 88.0269793170687
75 88.2454341226534
76 87.2518718990669
77 82.2337545988075
78 81.5382539795206
79 84.1071316155142
80 80.5329747178131
81 78.3545182870398
82 89.162977761567
83 84.1024247839881
84 84.0493417449856
85 90.8416123848681
86 90.4635252378234
87 77.5560405665604
88 83.8826185611474
89 76.2314768544552
90 75.3547018917719
91 74.3440430480837
92 78.4723434092213
93 79.5813747927059
94 92.4972791473957
95 87.198041827844
96 91.1040876274235
97 85.5819548885345
98 91.5289029172296
99 82.387337347766
100 87.5423060008094